key1=67.220967 hello
key2=67.220968 goodbye
