key1=67.220967 hello
key2=67.220968 goodbye
key3=67.220969 king
